<?xml version="1.0" encoding="UTF-8" standalone="no"?>
<!-- Created with Inkscape (http://www.inkscape.org/) -->

<svg
   width="210mm"
   height="297mm"
   viewBox="0 0 210 297"
   version="1.1"
   id="svg1"
   xml:space="preserve"
   inkscape:version="1.3 (0e150ed, 2023-07-21)"
   sodipodi:docname="B_nucleic"
   xmlns:inkscape="http://www.inkscape.org/namespaces/inkscape"
   xmlns:sodipodi="http://sodipodi.sourceforge.net/DTD/sodipodi-0.dtd"
   xmlns="http://www.w3.org/2000/svg"
   xmlns:svg="http://www.w3.org/2000/svg"><sodipodi:namedview
     id="namedview1"
     pagecolor="#ffffff"
     bordercolor="#000000"
     borderopacity="0.25"
     inkscape:showpageshadow="2"
     inkscape:pageopacity="0.0"
     inkscape:pagecheckerboard="0"
     inkscape:deskcolor="#d1d1d1"
     inkscape:document-units="mm"
     inkscape:zoom="0.51074336"
     inkscape:cx="307.39509"
     inkscape:cy="621.64293"
     inkscape:window-width="1712"
     inkscape:window-height="980"
     inkscape:window-x="0"
     inkscape:window-y="39"
     inkscape:window-maximized="1"
     inkscape:current-layer="layer1" /><defs
     id="defs1" /><g
     inkscape:label="Layer 1"
     inkscape:groupmode="layer"
     id="layer1"><path
       style="fill:#490905;fill-opacity:1"
       d="m 55.459427,254.02823 c -3.498602,-0.68713 -6.766365,-3.29149 -8.595527,-6.85052 -1.049624,-2.04227 -1.099204,-2.34606 -1.410564,-8.64305 -0.196971,-3.98358 -0.192113,-15.52932 0.01247,-29.63334 0.335172,-23.10694 0.335172,-23.10694 1.378156,-26.81634 4.827497,-17.16908 15.354666,-30.24986 32.250269,-40.07333 6.61465,-3.8459 18.925109,-9.7628 32.946969,-15.83561 8.77486,-3.80036 13.89122,-6.75688 17.51431,-10.12075 8.82882,-8.19716 11.25817,-20.413164 6.10002,-30.674053 -1.98352,-3.945733 -6.02422,-7.818713 -10.38516,-9.954111 -5.77364,-2.827144 -5.17031,-2.771558 -32.01459,-2.949524 -23.724301,-0.157282 -23.724301,-0.157282 -23.724301,8.170512 0,8.327793 0,8.327793 17.550693,8.172222 9.652878,-0.08557 18.503198,-0.256627 19.667358,-0.380138 2.84565,-0.301907 4.84203,0.677076 6.32555,3.101921 1.35008,2.206727 1.38586,4.246117 0.12286,7.002237 -1.33079,2.904034 -3.11757,4.023224 -6.24534,3.911884 -1.27585,-0.0454 -10.21755,-0.17398 -19.870428,-0.2857 -13.242953,-0.15326 -17.550693,-0.1022 -17.550693,0.20805 0,2.33672 2.748433,9.0528 5.303721,12.9602 1.911005,2.92219 1.911005,2.92219 15.39607,2.82222 7.41678,-0.055 13.37378,-0.006 13.23777,0.10807 -0.136,0.11442 -0.80291,0.41858 -1.48201,0.6759 -2.30925,0.87501 -20.266682,9.80091 -24.518052,12.1869 -2.328333,1.30673 -6.208439,3.70865 -8.622459,5.3376 -4.389126,2.96172 -4.389126,2.96172 -7.528492,-0.13864 -6.269275,-6.19138 -11.049026,-13.73959 -13.645856,-21.54961 -2.0726,-6.2334 -2.084059,-6.39094 -2.328006,-32.006952 -0.254286,-26.701597 -0.05767,-31.758768 1.35469,-34.843764 1.205132,-2.632357 3.431942,-4.966663 5.848894,-6.131242 1.639968,-0.790198 2.489001,-0.962476 4.819263,-0.977877 2.510153,-0.01659 3.096123,0.112954 5.205035,1.150708 2.441876,1.2016 4.490878,3.217105 5.54855,5.457842 0.535207,1.133867 0.535207,1.133867 26.990403,1.333243 28.37023,0.213809 27.11186,0.135475 33.70139,2.097922 6.69742,1.994578 13.38374,5.889164 18.78241,10.9402 6.44432,6.029365 11.24724,14.348255 13.53968,23.451393 2.07998,8.259503 1.23035,21.187847 -1.80837,27.516667 -0.4658,0.97014 -1.03299,2.39889 -1.26043,3.175 -0.22744,0.77611 -0.7938,2.00302 -1.25859,2.72647 -0.46478,0.72344 -0.84506,1.39533 -0.84506,1.49309 0,0.5263 -3.16185,5.21656 -5.20177,7.71627 -5.37608,6.5878 -10.48861,10.87448 -17.97416,15.07068 -2.98091,1.67103 -2.98091,1.67103 0.30793,3.51408 11.17866,6.26447 20.76514,16.05088 25.35033,25.87903 1.98168,4.24764 3.74552,9.59999 4.57603,13.8859 1.35729,7.00441 1.28097,17.07056 -0.16788,22.14226 -1.977,6.9205 -5.03039,13.79869 -8.75755,19.72763 -1.00735,1.60242 -9.79592,9.97848 -11.89126,11.33311 -4.85836,3.14091 -10.69053,5.60426 -16.7918,7.0924 -2.14821,0.52396 -5.65538,0.60973 -29.81521,0.72915 -27.380614,0.13534 -27.380614,0.13534 -28.505202,1.87087 -1.555446,2.40046 -3.342436,3.77286 -5.975641,4.58924 -2.400541,0.74425 -3.229949,0.79025 -5.65642,0.31368 z m 65.553053,-31.46187 c 5.17493,-1.57209 7.74986,-3.01688 11.08067,-6.21733 5.49954,-5.28429 7.81355,-11.10351 7.80131,-19.61854 -0.008,-5.4748 -0.73857,-8.51499 -3.17379,-13.20511 -3.11504,-5.99941 -7.19386,-10.25667 -13.47778,-14.06743 -3.11104,-1.88663 -15.59844,-8.1207 -20.60276,-10.28549 -2.69829,-1.16724 -2.69829,-1.16724 -5.82083,0.52022 -4.62447,2.49912 -7.88504,4.45444 -7.88504,4.72855 0,0.32062 1.39787,0.99555 14.2875,6.89834 6.01486,2.75449 11.41236,5.2665 11.99444,5.58223 0.98791,0.53585 -0.31793,0.57499 -19.62417,0.58817 -16.104103,0.011 -20.762497,0.11174 -21.043902,0.4551 -0.198775,0.24253 -1.148051,1.95223 -2.109502,3.79932 -1.779375,3.41845 -2.421186,5.84716 -2.608459,9.87082 -0.09031,1.94028 -0.09031,1.94028 16.650641,2.03325 12.609762,0.07 16.999942,-0.0139 17.790492,-0.34027 2.37056,-0.97856 6.38681,-0.11969 7.99194,1.70906 1.9125,2.17894 2.40149,4.8702 1.37997,7.59485 -0.78037,2.08141 -2.98154,4.49379 -4.16067,4.55988 -0.33898,0.019 -9.46665,0.005 -20.2837,-0.0312 -19.667361,-0.0658 -19.667361,-0.0658 -19.667361,8.09694 0,8.16272 0,8.16272 24.782641,8.03669 21.77972,-0.11076 25.01476,-0.19655 26.69836,-0.70802 z"
       id="path1" /></g></svg>
